{
 "cells": [
  {
   "cell_type": "code",
   "execution_count": 2,
   "id": "88830b6c",
   "metadata": {},
   "outputs": [],
   "source": [
    "import numpy as np"
   ]
  },
  {
   "cell_type": "code",
   "execution_count": 3,
   "id": "510b6399",
   "metadata": {},
   "outputs": [
    {
     "name": "stdout",
     "output_type": "stream",
     "text": [
      "1.20.1\n",
      "blas_mkl_info:\n",
      "    libraries = ['mkl_rt']\n",
      "    library_dirs = ['C:/Anaconda\\\\Library\\\\lib']\n",
      "    define_macros = [('SCIPY_MKL_H', None), ('HAVE_CBLAS', None)]\n",
      "    include_dirs = ['C:/Anaconda\\\\Library\\\\include']\n",
      "blas_opt_info:\n",
      "    libraries = ['mkl_rt']\n",
      "    library_dirs = ['C:/Anaconda\\\\Library\\\\lib']\n",
      "    define_macros = [('SCIPY_MKL_H', None), ('HAVE_CBLAS', None)]\n",
      "    include_dirs = ['C:/Anaconda\\\\Library\\\\include']\n",
      "lapack_mkl_info:\n",
      "    libraries = ['mkl_rt']\n",
      "    library_dirs = ['C:/Anaconda\\\\Library\\\\lib']\n",
      "    define_macros = [('SCIPY_MKL_H', None), ('HAVE_CBLAS', None)]\n",
      "    include_dirs = ['C:/Anaconda\\\\Library\\\\include']\n",
      "lapack_opt_info:\n",
      "    libraries = ['mkl_rt']\n",
      "    library_dirs = ['C:/Anaconda\\\\Library\\\\lib']\n",
      "    define_macros = [('SCIPY_MKL_H', None), ('HAVE_CBLAS', None)]\n",
      "    include_dirs = ['C:/Anaconda\\\\Library\\\\include']\n"
     ]
    }
   ],
   "source": [
    "print(np.__version__)\n",
    "np.show_config()"
   ]
  },
  {
   "cell_type": "code",
   "execution_count": 4,
   "id": "903d8b5f",
   "metadata": {},
   "outputs": [
    {
     "name": "stdout",
     "output_type": "stream",
     "text": [
      "[0. 0. 0. 0. 0. 0. 0. 0. 0. 0.]\n"
     ]
    }
   ],
   "source": [
    "z = np.zeros(10)\n",
    "print (z)"
   ]
  },
  {
   "cell_type": "code",
   "execution_count": 5,
   "id": "6977c084",
   "metadata": {},
   "outputs": [
    {
     "name": "stdout",
     "output_type": "stream",
     "text": [
      "[2.5 2.5 2.5 2.5 2.5 2.5 2.5 2.5 2.5 2.5]\n"
     ]
    }
   ],
   "source": [
    "z = np.full(10, 2.5)\n",
    "print (z)"
   ]
  },
  {
   "cell_type": "code",
   "execution_count": 6,
   "id": "0ae3862a",
   "metadata": {},
   "outputs": [
    {
     "name": "stderr",
     "output_type": "stream",
     "text": [
      "Python was not found; run without arguments to install from the Microsoft Store, or disable this shortcut from Settings > Manage App Execution Aliases.\n"
     ]
    }
   ],
   "source": [
    "#Документация о функции из командной строки\n",
    "!python3 -c \" import numpy; numpy.info(numpy.add) \""
   ]
  },
  {
   "cell_type": "code",
   "execution_count": 7,
   "id": "151c561d",
   "metadata": {},
   "outputs": [
    {
     "name": "stdout",
     "output_type": "stream",
     "text": [
      "[0. 0. 0. 0. 1. 0. 0. 0. 0. 0.]\n"
     ]
    }
   ],
   "source": [
    "z = np.zeros(10)\n",
    "z[4] = 1\n",
    "print (z)"
   ]
  },
  {
   "cell_type": "code",
   "execution_count": 8,
   "id": "c2479ddf",
   "metadata": {},
   "outputs": [
    {
     "name": "stdout",
     "output_type": "stream",
     "text": [
      "[10 11 12 13 14 15 16 17 18 19 20 21 22 23 24 25 26 27 28 29 30 31 32 33\n",
      " 34 35 36 37 38 39 40 41 42 43 44 45 46 47 48 49 50]\n"
     ]
    }
   ],
   "source": [
    "z = np.arange(10,51)\n",
    "print (z)"
   ]
  },
  {
   "cell_type": "code",
   "execution_count": 9,
   "id": "02544084",
   "metadata": {},
   "outputs": [
    {
     "name": "stdout",
     "output_type": "stream",
     "text": [
      "[50 49 48 47 46 45 44 43 42 41 40 39 38 37 36 35 34 33 32 31 30 29 28 27\n",
      " 26 25 24 23 22 21 20 19 18 17 16 15 14 13 12 11 10  9  8  7  6  5  4  3\n",
      "  2  1  0]\n"
     ]
    }
   ],
   "source": [
    "z = np.arange(51)\n",
    "z = z[::-1]\n",
    "print (z)"
   ]
  },
  {
   "cell_type": "code",
   "execution_count": 10,
   "id": "f14cac2a",
   "metadata": {},
   "outputs": [
    {
     "name": "stdout",
     "output_type": "stream",
     "text": [
      "[[ 0  1  2  3]\n",
      " [ 4  5  6  7]\n",
      " [ 8  9 10 11]]\n"
     ]
    }
   ],
   "source": [
    "z = np.arange(12).reshape(3,4)\n",
    "print (z)"
   ]
  },
  {
   "cell_type": "code",
   "execution_count": 11,
   "id": "56ee43f5",
   "metadata": {},
   "outputs": [
    {
     "name": "stdout",
     "output_type": "stream",
     "text": [
      "(array([0, 1, 4], dtype=int64),)\n"
     ]
    }
   ],
   "source": [
    "nz = np.nonzero([1,2,0,0,4,0])\n",
    "print(nz)"
   ]
  },
  {
   "cell_type": "code",
   "execution_count": 12,
   "id": "41eae13f",
   "metadata": {},
   "outputs": [
    {
     "name": "stdout",
     "output_type": "stream",
     "text": [
      "[[[0.69886399 0.16205891 0.71835288]\n",
      "  [0.32859176 0.52279083 0.73209068]\n",
      "  [0.18655051 0.83163402 0.66839756]]\n",
      "\n",
      " [[0.48877697 0.65613919 0.30315054]\n",
      "  [0.79457661 0.13388269 0.057974  ]\n",
      "  [0.98510788 0.37528841 0.08309944]]\n",
      "\n",
      " [[0.00153948 0.79669621 0.00480928]\n",
      "  [0.9764899  0.04970762 0.24549426]\n",
      "  [0.78776613 0.12460415 0.38194057]]]\n",
      "[[1. 0. 0.]\n",
      " [0. 1. 0.]\n",
      " [0. 0. 1.]]\n"
     ]
    }
   ],
   "source": [
    "z = np.random.random((3,3,3))\n",
    "print(z)\n",
    "z1=np.eye(3)\n",
    "print(z1)"
   ]
  },
  {
   "cell_type": "code",
   "execution_count": 13,
   "id": "decc23f2",
   "metadata": {},
   "outputs": [
    {
     "name": "stdout",
     "output_type": "stream",
     "text": [
      "[[0.23807221 0.69380264 0.32655409 0.29184708 0.63626872 0.44402021\n",
      "  0.67779589 0.54712145 0.96789234 0.74750732]\n",
      " [0.07219448 0.47299031 0.12072909 0.99523696 0.65083382 0.72009132\n",
      "  0.13527639 0.38580453 0.10059759 0.25823131]\n",
      " [0.99136953 0.98816932 0.68699973 0.88280484 0.08381432 0.75956879\n",
      "  0.44260097 0.36639163 0.183812   0.43917175]\n",
      " [0.30480125 0.0501718  0.93872764 0.91043726 0.63716673 0.02438891\n",
      "  0.52932716 0.57884431 0.82199519 0.35550849]\n",
      " [0.16365612 0.71263207 0.70065902 0.11980613 0.27636787 0.41200466\n",
      "  0.04406373 0.81812767 0.10366381 0.29704641]\n",
      " [0.54643051 0.12610849 0.66810483 0.7137938  0.17659704 0.79002664\n",
      "  0.86016767 0.10995066 0.77325994 0.06161607]\n",
      " [0.32902569 0.94741722 0.41837282 0.46167328 0.00202642 0.86006711\n",
      "  0.84406536 0.78155602 0.36261089 0.24609895]\n",
      " [0.74412155 0.24510007 0.3376524  0.50756649 0.28855989 0.95289182\n",
      "  0.48409553 0.14593131 0.87319136 0.9734362 ]\n",
      " [0.49569178 0.56343675 0.50789462 0.68997874 0.50474591 0.83826507\n",
      "  0.87557364 0.33876057 0.26271142 0.71712758]\n",
      " [0.00250081 0.40609366 0.34876241 0.23582239 0.68307707 0.14839078\n",
      "  0.62337712 0.985354   0.90351765 0.4119839 ]]\n",
      "0.0020264240939036338 0.9952369576033395\n"
     ]
    }
   ],
   "source": [
    "z = np.random.random((10,10))\n",
    "Zmin, Zmax = z.min(), z.max()\n",
    "\n",
    "print(z)\n",
    "print(Zmin, Zmax)"
   ]
  },
  {
   "cell_type": "code",
   "execution_count": 14,
   "id": "807ebf10",
   "metadata": {},
   "outputs": [
    {
     "name": "stdout",
     "output_type": "stream",
     "text": [
      "[[1. 1. 1. 1. 1. 1. 1. 1. 1. 1.]\n",
      " [1. 0. 0. 0. 0. 0. 0. 0. 0. 1.]\n",
      " [1. 0. 0. 0. 0. 0. 0. 0. 0. 1.]\n",
      " [1. 0. 0. 0. 0. 0. 0. 0. 0. 1.]\n",
      " [1. 0. 0. 0. 0. 0. 0. 0. 0. 1.]\n",
      " [1. 0. 0. 0. 0. 0. 0. 0. 0. 1.]\n",
      " [1. 0. 0. 0. 0. 0. 0. 0. 0. 1.]\n",
      " [1. 0. 0. 0. 0. 0. 0. 0. 0. 1.]\n",
      " [1. 0. 0. 0. 0. 0. 0. 0. 0. 1.]\n",
      " [1. 1. 1. 1. 1. 1. 1. 1. 1. 1.]]\n"
     ]
    }
   ],
   "source": [
    "z = np.ones((10,10))\n",
    "\n",
    "z[1:-1,1:-1] = 0\n",
    "print(z)"
   ]
  },
  {
   "cell_type": "code",
   "execution_count": 15,
   "id": "3b9201e6",
   "metadata": {},
   "outputs": [
    {
     "name": "stdout",
     "output_type": "stream",
     "text": [
      "[[0 0 0 0 0]\n",
      " [1 0 0 0 0]\n",
      " [0 2 0 0 0]\n",
      " [0 0 3 0 0]\n",
      " [0 0 0 4 0]]\n"
     ]
    }
   ],
   "source": [
    "z = np.diag(np.arange(1,5), k=-1)\n",
    "print(z)"
   ]
  },
  {
   "cell_type": "code",
   "execution_count": 16,
   "id": "02424870",
   "metadata": {},
   "outputs": [
    {
     "name": "stdout",
     "output_type": "stream",
     "text": [
      "(1, 5, 4)\n"
     ]
    }
   ],
   "source": [
    "print(np.unravel_index(100, (6,7,8)))"
   ]
  },
  {
   "cell_type": "code",
   "execution_count": 17,
   "id": "51ed6dd8",
   "metadata": {},
   "outputs": [
    {
     "name": "stdout",
     "output_type": "stream",
     "text": [
      "[[0 1 0 1 0 1 0 1]\n",
      " [1 0 1 0 1 0 1 0]\n",
      " [0 1 0 1 0 1 0 1]\n",
      " [1 0 1 0 1 0 1 0]\n",
      " [0 1 0 1 0 1 0 1]\n",
      " [1 0 1 0 1 0 1 0]\n",
      " [0 1 0 1 0 1 0 1]\n",
      " [1 0 1 0 1 0 1 0]]\n"
     ]
    }
   ],
   "source": [
    "z = np.tile(np.array([[0,1], [1,0]]), (4,4))\n",
    "print(z)"
   ]
  },
  {
   "cell_type": "code",
   "execution_count": 18,
   "id": "8158f980",
   "metadata": {},
   "outputs": [
    {
     "name": "stdout",
     "output_type": "stream",
     "text": [
      "[[3. 3.]\n",
      " [3. 3.]\n",
      " [3. 3.]\n",
      " [3. 3.]\n",
      " [3. 3.]]\n"
     ]
    }
   ],
   "source": [
    "z = np.dot(np.ones((5,3)), np.ones((3,2)))\n",
    "print(z)"
   ]
  },
  {
   "cell_type": "code",
   "execution_count": 19,
   "id": "d1d8ada2",
   "metadata": {},
   "outputs": [
    {
     "name": "stdout",
     "output_type": "stream",
     "text": [
      "[ 0  1  2  3 -4 -5 -6 -7 -8  9 10]\n"
     ]
    }
   ],
   "source": [
    "z = np.arange(11)\n",
    "z[(3 < z) & (z <= 8)] *= -1\n",
    "print(z)"
   ]
  },
  {
   "cell_type": "code",
   "execution_count": 20,
   "id": "f1653341",
   "metadata": {},
   "outputs": [
    {
     "name": "stdout",
     "output_type": "stream",
     "text": [
      "[[0. 1. 2. 3. 4.]\n",
      " [0. 1. 2. 3. 4.]\n",
      " [0. 1. 2. 3. 4.]\n",
      " [0. 1. 2. 3. 4.]\n",
      " [0. 1. 2. 3. 4.]]\n"
     ]
    }
   ],
   "source": [
    "z = np.zeros((5,5))\n",
    "z += np.arange(5)\n",
    "print(z)"
   ]
  },
  {
   "cell_type": "code",
   "execution_count": 21,
   "id": "ed56fef6",
   "metadata": {},
   "outputs": [
    {
     "name": "stdout",
     "output_type": "stream",
     "text": [
      "[0. 1. 2. 3. 4. 5. 6. 7. 8. 9.]\n"
     ]
    }
   ],
   "source": [
    "def generate() :\n",
    "    for x in range(10):\n",
    "        yield x\n",
    "z = np.fromiter(generate(), dtype=float, count=-1)\n",
    "print(z)"
   ]
  },
  {
   "cell_type": "code",
   "execution_count": 22,
   "id": "cfb5483a",
   "metadata": {},
   "outputs": [
    {
     "name": "stdout",
     "output_type": "stream",
     "text": [
      "[0.09090909 0.18181818 0.27272727 0.36363636 0.45454545 0.54545455\n",
      " 0.63636364 0.72727273 0.81818182 0.90909091]\n"
     ]
    }
   ],
   "source": [
    "z = np.linspace(0,1,12) [1:-1]\n",
    "print(z)"
   ]
  },
  {
   "cell_type": "code",
   "execution_count": 23,
   "id": "a69e6ed5",
   "metadata": {},
   "outputs": [
    {
     "name": "stdout",
     "output_type": "stream",
     "text": [
      "[0.02462633 0.07833618 0.21180327 0.42286627 0.66777285 0.80145208\n",
      " 0.82092164 0.8717524  0.90778249 0.92004644]\n"
     ]
    }
   ],
   "source": [
    "z = np.random.random(10)\n",
    "z.sort()\n",
    "print(z)"
   ]
  },
  {
   "cell_type": "code",
   "execution_count": 24,
   "id": "a0077aca",
   "metadata": {},
   "outputs": [
    {
     "name": "stdout",
     "output_type": "stream",
     "text": [
      "False\n"
     ]
    }
   ],
   "source": [
    "A = np.random.randint(0,2,5)\n",
    "B = np.random.randint(0,2,5)\n",
    "equal = np.allclose(A,B)\n",
    "print(equal)"
   ]
  },
  {
   "cell_type": "code",
   "execution_count": 25,
   "id": "fbbc59cf",
   "metadata": {},
   "outputs": [
    {
     "name": "stdout",
     "output_type": "stream",
     "text": [
      "[0.52752834 0.87382245 0.9105733  0.96007845 1.02356746 0.90705757\n",
      " 0.72815721 0.87138622 0.95171695 0.64111412]\n",
      "[1.079268   1.41684242 1.50767075 0.0037247  0.9941295  0.71094994\n",
      " 0.54635066 0.76776828 1.55954565 0.39616846]\n"
     ]
    }
   ],
   "source": [
    "# Exsirsise 30\n",
    "\n",
    "z = np.random.random((10,2))\n",
    "x,y = z[:,0], z[:,1]\n",
    "R = np.hypot(x, y)\n",
    "T = np.arctan2(y,x)\n",
    "print(R)\n",
    "print(T)"
   ]
  },
  {
   "cell_type": "code",
   "execution_count": 26,
   "id": "96187771",
   "metadata": {},
   "outputs": [
    {
     "name": "stdout",
     "output_type": "stream",
     "text": [
      "[0.5813675  0.32673656 0.         0.87039384 0.05678538 0.24030939\n",
      " 0.45401453 0.28308687 0.6020444  0.76342847]\n"
     ]
    }
   ],
   "source": [
    "z = np.random.random(10)\n",
    "z[z.argmax()] = 0\n",
    "print(z)"
   ]
  },
  {
   "cell_type": "code",
   "execution_count": 27,
   "id": "027b898e",
   "metadata": {},
   "outputs": [
    {
     "name": "stdout",
     "output_type": "stream",
     "text": [
      "[[(0.        , 0.        ) (0.11111111, 0.        )\n",
      "  (0.22222222, 0.        ) (0.33333333, 0.        )\n",
      "  (0.44444444, 0.        ) (0.55555556, 0.        )\n",
      "  (0.66666667, 0.        ) (0.77777778, 0.        )\n",
      "  (0.88888889, 0.        ) (1.        , 0.        )]\n",
      " [(0.        , 0.11111111) (0.11111111, 0.11111111)\n",
      "  (0.22222222, 0.11111111) (0.33333333, 0.11111111)\n",
      "  (0.44444444, 0.11111111) (0.55555556, 0.11111111)\n",
      "  (0.66666667, 0.11111111) (0.77777778, 0.11111111)\n",
      "  (0.88888889, 0.11111111) (1.        , 0.11111111)]\n",
      " [(0.        , 0.22222222) (0.11111111, 0.22222222)\n",
      "  (0.22222222, 0.22222222) (0.33333333, 0.22222222)\n",
      "  (0.44444444, 0.22222222) (0.55555556, 0.22222222)\n",
      "  (0.66666667, 0.22222222) (0.77777778, 0.22222222)\n",
      "  (0.88888889, 0.22222222) (1.        , 0.22222222)]\n",
      " [(0.        , 0.33333333) (0.11111111, 0.33333333)\n",
      "  (0.22222222, 0.33333333) (0.33333333, 0.33333333)\n",
      "  (0.44444444, 0.33333333) (0.55555556, 0.33333333)\n",
      "  (0.66666667, 0.33333333) (0.77777778, 0.33333333)\n",
      "  (0.88888889, 0.33333333) (1.        , 0.33333333)]\n",
      " [(0.        , 0.44444444) (0.11111111, 0.44444444)\n",
      "  (0.22222222, 0.44444444) (0.33333333, 0.44444444)\n",
      "  (0.44444444, 0.44444444) (0.55555556, 0.44444444)\n",
      "  (0.66666667, 0.44444444) (0.77777778, 0.44444444)\n",
      "  (0.88888889, 0.44444444) (1.        , 0.44444444)]\n",
      " [(0.        , 0.55555556) (0.11111111, 0.55555556)\n",
      "  (0.22222222, 0.55555556) (0.33333333, 0.55555556)\n",
      "  (0.44444444, 0.55555556) (0.55555556, 0.55555556)\n",
      "  (0.66666667, 0.55555556) (0.77777778, 0.55555556)\n",
      "  (0.88888889, 0.55555556) (1.        , 0.55555556)]\n",
      " [(0.        , 0.66666667) (0.11111111, 0.66666667)\n",
      "  (0.22222222, 0.66666667) (0.33333333, 0.66666667)\n",
      "  (0.44444444, 0.66666667) (0.55555556, 0.66666667)\n",
      "  (0.66666667, 0.66666667) (0.77777778, 0.66666667)\n",
      "  (0.88888889, 0.66666667) (1.        , 0.66666667)]\n",
      " [(0.        , 0.77777778) (0.11111111, 0.77777778)\n",
      "  (0.22222222, 0.77777778) (0.33333333, 0.77777778)\n",
      "  (0.44444444, 0.77777778) (0.55555556, 0.77777778)\n",
      "  (0.66666667, 0.77777778) (0.77777778, 0.77777778)\n",
      "  (0.88888889, 0.77777778) (1.        , 0.77777778)]\n",
      " [(0.        , 0.88888889) (0.11111111, 0.88888889)\n",
      "  (0.22222222, 0.88888889) (0.33333333, 0.88888889)\n",
      "  (0.44444444, 0.88888889) (0.55555556, 0.88888889)\n",
      "  (0.66666667, 0.88888889) (0.77777778, 0.88888889)\n",
      "  (0.88888889, 0.88888889) (1.        , 0.88888889)]\n",
      " [(0.        , 1.        ) (0.11111111, 1.        )\n",
      "  (0.22222222, 1.        ) (0.33333333, 1.        )\n",
      "  (0.44444444, 1.        ) (0.55555556, 1.        )\n",
      "  (0.66666667, 1.        ) (0.77777778, 1.        )\n",
      "  (0.88888889, 1.        ) (1.        , 1.        )]]\n"
     ]
    }
   ],
   "source": [
    "z = np.zeros((10,10), [('x', float), ('y', float)])\n",
    "z['x'], z['y'] = np.meshgrid(np.linspace(0,1,10), \n",
    "                            np.linspace(0,1,10))\n",
    "print(z)"
   ]
  },
  {
   "cell_type": "code",
   "execution_count": 30,
   "id": "73c35d1e",
   "metadata": {},
   "outputs": [
    {
     "name": "stdout",
     "output_type": "stream",
     "text": [
      "3638.1636371179666\n"
     ]
    }
   ],
   "source": [
    "x = np.arange(8)\n",
    "y = x + 0.5\n",
    "c = 1.0 / np.subtract.outer(x,y)\n",
    "print(np.linalg.det(c))"
   ]
  },
  {
   "cell_type": "code",
   "execution_count": 31,
   "id": "ce8a7c4e",
   "metadata": {},
   "outputs": [
    {
     "name": "stdout",
     "output_type": "stream",
     "text": [
      "-128\n",
      "127\n",
      "-2147483648\n",
      "2147483647\n",
      "-9223372036854775808\n",
      "9223372036854775807\n",
      "-3.4028235e+38\n",
      "3.4028235e+38\n",
      "1.1920929e-07\n",
      "-1.7976931348623157e+308\n",
      "1.7976931348623157e+308\n",
      "2.220446049250313e-16\n"
     ]
    }
   ],
   "source": [
    "for dtype in [np.int8, np.int32, np.int64]:\n",
    "    print(np.iinfo (dtype).min)\n",
    "    print(np.iinfo (dtype).max)\n",
    "for dtype in [np.float32, np.float64]:\n",
    "    print(np.finfo (dtype).min)\n",
    "    print(np.finfo (dtype).max)\n",
    "    print(np.finfo (dtype).eps)"
   ]
  },
  {
   "cell_type": "code",
   "execution_count": 34,
   "id": "d09eaf38",
   "metadata": {},
   "outputs": [],
   "source": [
    "#np.set_printoptions(threshold=np.nan)\n",
    "#z = np.zeros((25,25))\n",
    "#print(z)"
   ]
  },
  {
   "cell_type": "code",
   "execution_count": 38,
   "id": "0b6e630d",
   "metadata": {},
   "outputs": [
    {
     "name": "stdout",
     "output_type": "stream",
     "text": [
      "[ 0  1  2  3  4  5  6  7  8  9 10 11 12 13 14 15 16 17 18 19 20 21 22 23\n",
      " 24 25 26 27 28 29 30 31 32 33 34 35 36 37 38 39 40 41 42 43 44 45 46 47\n",
      " 48 49 50 51 52 53 54 55 56 57 58 59 60 61 62 63 64 65 66 67 68 69 70 71\n",
      " 72 73 74 75 76 77 78 79 80 81 82 83 84 85 86 87 88 89 90 91 92 93 94 95\n",
      " 96 97 98 99]\n",
      "71\n"
     ]
    }
   ],
   "source": [
    "z = np.arange(100)\n",
    "v = np.random.uniform(0,100)\n",
    "index = (np.abs(z-v)).argmin()\n",
    "print(z)\n",
    "print(z[index])"
   ]
  },
  {
   "cell_type": "code",
   "execution_count": 40,
   "id": "a3fd6138",
   "metadata": {},
   "outputs": [
    {
     "name": "stdout",
     "output_type": "stream",
     "text": [
      "[((0., 0.), (0., 0., 0.)) ((0., 0.), (0., 0., 0.))\n",
      " ((0., 0.), (0., 0., 0.)) ((0., 0.), (0., 0., 0.))\n",
      " ((0., 0.), (0., 0., 0.)) ((0., 0.), (0., 0., 0.))\n",
      " ((0., 0.), (0., 0., 0.)) ((0., 0.), (0., 0., 0.))\n",
      " ((0., 0.), (0., 0., 0.)) ((0., 0.), (0., 0., 0.))]\n"
     ]
    },
    {
     "name": "stderr",
     "output_type": "stream",
     "text": [
      "<ipython-input-40-64e414c92311>:1: FutureWarning: Passing (type, 1) or '1type' as a synonym of type is deprecated; in a future version of numpy, it will be understood as (type, (1,)) / '(1,)type'.\n",
      "  z = np.zeros(10, [('position', [('x', float,1),\n"
     ]
    }
   ],
   "source": [
    "z = np.zeros(10, [('position', [('x', float,1),\n",
    "                               ('y', float, 1)]),\n",
    "                 ('color', [('r', float, 1),\n",
    "                           ('g', float, 1),\n",
    "                           ('b', float, 1)])])\n",
    "print(z)"
   ]
  },
  {
   "cell_type": "code",
   "execution_count": 42,
   "id": "ed110380",
   "metadata": {},
   "outputs": [
    {
     "name": "stdout",
     "output_type": "stream",
     "text": [
      "[[0.         0.65532846 0.52322367 0.37555429 0.83089728 0.58823185\n",
      "  1.03854544 1.0744553  0.68557811 0.31850147]\n",
      " [0.65532846 0.         0.32458147 0.65625483 0.32367729 0.07650561\n",
      "  0.5060811  0.57148657 0.80727505 0.83387493]\n",
      " [0.52322367 0.32458147 0.         0.70855134 0.64174973 0.3192351\n",
      "  0.8305932  0.89503726 0.9534644  0.79983106]\n",
      " [0.37555429 0.65625483 0.70855134 0.         0.67041008 0.58025755\n",
      "  0.84983083 0.86156504 0.31005499 0.24172277]\n",
      " [0.83089728 0.32367729 0.64174973 0.67041008 0.         0.32542753\n",
      "  0.20986923 0.26008507 0.68624235 0.89998877]\n",
      " [0.58823185 0.07650561 0.3192351  0.58025755 0.32542753 0.\n",
      "  0.52387436 0.58324562 0.74036049 0.75791267]\n",
      " [1.03854544 0.5060811  0.8305932  0.84983083 0.20986923 0.52387436\n",
      "  0.         0.07636698 0.80629643 1.08674632]\n",
      " [1.0744553  0.57148657 0.89503726 0.86156504 0.26008507 0.58324562\n",
      "  0.07636698 0.         0.78989196 1.10149062]\n",
      " [0.68557811 0.80727505 0.9534644  0.31005499 0.68624235 0.74036049\n",
      "  0.80629643 0.78989196 0.         0.48276606]\n",
      " [0.31850147 0.83387493 0.79983106 0.24172277 0.89998877 0.75791267\n",
      "  1.08674632 1.10149062 0.48276606 0.        ]]\n"
     ]
    }
   ],
   "source": [
    "import scipy.spatial\n",
    "\n",
    "z = np.random.random((10,2))\n",
    "d = scipy.spatial.distance.cdist(z,z)\n",
    "print(d)"
   ]
  },
  {
   "cell_type": "code",
   "execution_count": 43,
   "id": "897a6ce7",
   "metadata": {},
   "outputs": [
    {
     "name": "stdout",
     "output_type": "stream",
     "text": [
      "[0. 1. 2. 3. 4. 5. 6. 7. 8. 9.]\n"
     ]
    }
   ],
   "source": [
    "z = np.arange(10, dtype=np.int32)\n",
    "z = z.astype(np.float32, copy=False)\n",
    "print(z)"
   ]
  },
  {
   "cell_type": "code",
   "execution_count": 47,
   "id": "5adab374",
   "metadata": {},
   "outputs": [
    {
     "name": "stdout",
     "output_type": "stream",
     "text": [
      "(0, 0) 0\n",
      "(0, 1) 1\n",
      "(0, 2) 2\n",
      "(1, 0) 3\n",
      "(1, 1) 4\n",
      "(1, 2) 5\n",
      "(2, 0) 6\n",
      "(2, 1) 7\n",
      "(2, 2) 8\n",
      "(0, 0) 0\n",
      "(0, 1) 1\n",
      "(0, 2) 2\n",
      "(1, 0) 3\n",
      "(1, 1) 4\n",
      "(1, 2) 5\n",
      "(2, 0) 6\n",
      "(2, 1) 7\n",
      "(2, 2) 8\n"
     ]
    }
   ],
   "source": [
    "z = np.arange(9).reshape(3,3)\n",
    "for index, value in np.ndenumerate(z):\n",
    "    print(index, value)\n",
    "    \n",
    "for index in np.ndindex(z.shape):\n",
    "    print(index, z[index])"
   ]
  },
  {
   "cell_type": "code",
   "execution_count": 48,
   "id": "7b1ca4ee",
   "metadata": {},
   "outputs": [
    {
     "name": "stdout",
     "output_type": "stream",
     "text": [
      "[[0.36787944 0.44822088 0.51979489 0.57375342 0.60279818 0.60279818\n",
      "  0.57375342 0.51979489 0.44822088 0.36787944]\n",
      " [0.44822088 0.54610814 0.63331324 0.69905581 0.73444367 0.73444367\n",
      "  0.69905581 0.63331324 0.54610814 0.44822088]\n",
      " [0.51979489 0.63331324 0.73444367 0.81068432 0.85172308 0.85172308\n",
      "  0.81068432 0.73444367 0.63331324 0.51979489]\n",
      " [0.57375342 0.69905581 0.81068432 0.89483932 0.9401382  0.9401382\n",
      "  0.89483932 0.81068432 0.69905581 0.57375342]\n",
      " [0.60279818 0.73444367 0.85172308 0.9401382  0.98773022 0.98773022\n",
      "  0.9401382  0.85172308 0.73444367 0.60279818]\n",
      " [0.60279818 0.73444367 0.85172308 0.9401382  0.98773022 0.98773022\n",
      "  0.9401382  0.85172308 0.73444367 0.60279818]\n",
      " [0.57375342 0.69905581 0.81068432 0.89483932 0.9401382  0.9401382\n",
      "  0.89483932 0.81068432 0.69905581 0.57375342]\n",
      " [0.51979489 0.63331324 0.73444367 0.81068432 0.85172308 0.85172308\n",
      "  0.81068432 0.73444367 0.63331324 0.51979489]\n",
      " [0.44822088 0.54610814 0.63331324 0.69905581 0.73444367 0.73444367\n",
      "  0.69905581 0.63331324 0.54610814 0.44822088]\n",
      " [0.36787944 0.44822088 0.51979489 0.57375342 0.60279818 0.60279818\n",
      "  0.57375342 0.51979489 0.44822088 0.36787944]]\n"
     ]
    }
   ],
   "source": [
    "x, y = np.meshgrid(np.linspace(-1,1,10), np.linspace(-1,1,10))\n",
    "d = np.hypot(x,y)\n",
    "sigma, mu = 1.0, 0.0\n",
    "g = np.exp(-((d - mu) ** 2 / (2.0 * sigma ** 2)))\n",
    "print(g)"
   ]
  },
  {
   "cell_type": "code",
   "execution_count": null,
   "id": "a8ce6b41",
   "metadata": {},
   "outputs": [],
   "source": []
  }
 ],
 "metadata": {
  "kernelspec": {
   "display_name": "Python 3",
   "language": "python",
   "name": "python3"
  },
  "language_info": {
   "codemirror_mode": {
    "name": "ipython",
    "version": 3
   },
   "file_extension": ".py",
   "mimetype": "text/x-python",
   "name": "python",
   "nbconvert_exporter": "python",
   "pygments_lexer": "ipython3",
   "version": "3.8.8"
  }
 },
 "nbformat": 4,
 "nbformat_minor": 5
}
